EAS,SAS,AFR,AMR,EUR
0.06815444910232683,0.08857265298988966,0.02261480376642063,0.16853966209470636,0.6521184320466565
0.07330299192465244,0.08181047712304072,0.016412850647967037,0.08986308060264646,0.7386105997016934
0.63184986030343,0.09739735833427103,0.009592018980538245,0.07295464829263738,0.1882061140891233
0.687351415280674,0.06085718868733107,0.01015343878608828,0.05302364666703376,0.1886143105788729
0.6525098697362405,0.08115568685942479,0.010734011506113372,0.07794039134192501,0.1776600405562964
0.6719859896430614,0.07125961536159506,0.009973880212884645,0.07159838253637259,0.17518213224608623
0.10347242339432738,0.06491640949888794,0.013670392706570169,0.42595842381090326,0.39198235058931125
0.07644287284140669,0.07299654529305157,0.06288979173599622,0.3234627990548037,0.46420799107474187
0.0699500348343632,0.07722933939203862,0.042830704994840686,0.3423008874981745,0.46768903328058303
0.0644076602081443,0.09099310255667467,0.035821935354125416,0.29338314687173056,0.5153941550093251
0.06218831624334736,0.12314845184598183,0.030228087270254805,0.15636798494580922,0.6280671596946068
0.06335664402632568,0.07012001695032931,0.023784328606553648,0.3793593828930956,0.46337962752369577
0.06930122985652074,0.08007235013442952,0.04318503391262919,0.2038348923007678,0.6036064937956528
0.04557316293623755,0.09892480326365663,0.029709761522273642,0.20801381882779374,0.6177784534500385
0.0561527540693958,0.08159620389235105,0.02348626137503561,0.21807508421297084,0.6206896964502467
0.6977466596120099,0.06446990718018822,0.012129780148482969,0.05886887675338947,0.1667847763059295
0.6680357010325815,0.06559035267697892,0.009380139864157954,0.06307174442350924,0.19392206200277237
0.6538673325496599,0.07286247489172618,0.006904625668257156,0.0713853063628376,0.19498026052751916
0.5849491609826403,0.11469842539101872,0.01415998908283875,0.08270946704621358,0.20348295749728867
0.03846743166599233,0.05301766138126031,0.45038676916668063,0.1566073963767474,0.30152074140931934
0.20025928257970604,0.06201234884160779,0.0195910373936714,0.5093573957782188,0.20877993540679593
0.442504147803041,0.06629302522678247,0.017504566773045144,0.2230835713481976,0.2506146888489338
0.033600197275019096,0.0164834770200938,0.6976975802686675,0.11727449238791356,0.13494425304830604
0.564362172036266,0.09370323995489489,0.013337610817566096,0.0907381293827255,0.23785884780854746
0.6546933019863966,0.08098211357199461,0.01449037685753344,0.06747691475277179,0.18235729283130353
0.5946369445355538,0.10034810422058411,0.01289469967033046,0.0679748905291232,0.22414536104440844
0.6692782463591507,0.08267954061734632,0.01102489639470326,0.06757267932514706,0.1694446373036527
0.6759243076819946,0.07395299395964959,0.00813520042327941,0.0604837068550675,0.1815037910800089
0.04616570622780955,0.09277791477431882,0.024911956446272483,0.22601037609141686,0.6101340464601823
0.17889181236847335,0.03823999080660105,0.006740628838064503,0.5558020163230714,0.22032555166378973
0.018945823587293,0.00990325384075788,0.7811324639506237,0.1397049493525118,0.05031350926881355
0.02294279742680594,0.006622120179750102,0.7827628557953128,0.1351597233361504,0.052512503261980745
0.16608090669897124,0.08771675712428566,0.01562398998302573,0.4696522070142761,0.26092613917944124
0.635304567251868,0.0860396800505637,0.016423624162359256,0.06384264923113019,0.19838947930407885
0.017474640344177873,0.012053168490582751,0.7306346078799878,0.17506003241630774,0.0647775508689438
0.0196568755371794,0.010486220675092353,0.7655276268820731,0.12574965704312518,0.07857961986252995
0.12442930300150111,0.4299589888218803,0.024137460467187465,0.10535180312719211,0.31612244458223904
0.1507753339190933,0.4020879070892119,0.01845622721102442,0.09885657100583925,0.32982396077483117
0.028299628194047754,0.011673701372545734,0.7597697819680098,0.12975979851133973,0.07049708995405694
0.020923362006842378,0.011689263115556715,0.7830058583977151,0.12876384695863688,0.05561766952124896
0.01808873066453431,0.011435486998762243,0.8153060516027398,0.10642915456641393,0.0487405761675497
0.01801331606378878,0.007744959790850174,0.7945011982542118,0.13415778649767413,0.04558273939347508
0.02230955419197445,0.005126995793541159,0.7533020821612149,0.16989951902243525,0.049361848830834276
0.022617197880730012,0.007912547792506901,0.7899332281519114,0.13719112932766087,0.04234589684719087
0.12988908068404634,0.2795367867634208,0.023623922947825067,0.11790773562274505,0.44904247398196273
0.018172524665362674,0.007597721760823193,0.7943288220239364,0.12444247063020271,0.05545846091967507
0.024184145696220412,0.009791927525371627,0.7739189975364563,0.13543025825311056,0.05667467098884103
0.14806160534940901,0.2544452717439447,0.03145985908243175,0.13376156057947142,0.4322717032447431
0.1635311749594796,0.33379579641409557,0.02279915056824303,0.10612151087765836,0.3737523671805234
0.16235686189072784,0.24471798530492636,0.025595476081600992,0.126579217651326,0.4407504590714188
0.23449272308955663,0.29099741196243156,0.027157635668472627,0.1263242444773768,0.3210279848021624
0.20506426999863536,0.330374607065989,0.038182532063175886,0.1097114852845764,0.3166671055876234
0.23251877584147132,0.3266170446574142,0.02694815066640172,0.1175976978196801,0.29631833101503263
0.13455880064449557,0.40634464233129275,0.024451089441716485,0.11809567359603151,0.31654979398646366
0.20562209863272132,0.3085055699069408,0.029195026945756552,0.1158727384597705,0.34080456605481085
0.2614708001848256,0.25785808169196844,0.03301004809775648,0.11989245638522257,0.32776861364022686
0.18052699244178114,0.36167286343253746,0.023974660694149504,0.12236557646681398,0.3114599069647179
0.14303037412824313,0.4363524710850844,0.025612234881766664,0.10087121819718405,0.29413370170772174
0.1709852498617399,0.36864093312999324,0.021833125444407468,0.10014939273290542,0.338391298830954
0.15150434172630006,0.4168571982637883,0.015474357838689366,0.10652013091017044,0.3096439712610518
0.16322113715641468,0.4230352102391481,0.017861289805143038,0.08300753427773162,0.31287482852156256
0.18104651524691698,0.3944446971565104,0.01769250474633162,0.10174387286295372,0.30507240998728724
0.20215542111273646,0.4033831229305874,0.01968680196604667,0.11217622596608498,0.2625984280245445
0.15555278902346473,0.39526348425031904,0.02379869329240994,0.10841746650035552,0.3169675669334508
0.18096152418893394,0.3761488756042146,0.021489570041011177,0.10352988213775255,0.3178701480280878
0.06979322034709869,0.11122217141379633,0.02910285354484535,0.1671007993947679,0.6227809552994917
0.05992827233529092,0.07898542223797017,0.03351879738850011,0.1949587134987347,0.6326087945395041
0.02453967167116361,0.0054789305970202856,0.7953714588056722,0.1276422044046915,0.04696773452145246
0.6743609510379682,0.06987462023361768,0.01579516915614653,0.06040230696854852,0.17956695260371902
0.6219645623199925,0.08066130225453745,0.012767811611933223,0.08341333665317184,0.20119298716036496
0.6480963200068951,0.06909653308306858,0.009443583893356573,0.07219212288509927,0.20117144013158053
0.6336083372636709,0.06539283824645492,0.010735208563268062,0.07651349921353345,0.2137501167130726
0.6479993583773651,0.07117223018930262,0.011714401315805225,0.06472368329698269,0.20439032682054437
0.6001577721329883,0.09357156366787889,0.011308598940365006,0.08533700750076013,0.20962505775800772
0.6242042562564192,0.07461017833757491,0.010129497642994463,0.09446815947674238,0.19658790828626904
0.02299666499876703,0.010500585360948644,0.7694970684070281,0.13956489366541294,0.05744078756784322
0.016957511653351402,0.010195335786502462,0.8023000256170231,0.12088361970930664,0.049663507233816385
0.6348748237333339,0.08010347362045148,0.010147453500314827,0.07451201965089026,0.20036222949500948
0.5887809409348058,0.09263905614437466,0.017826575147657,0.0758359648639784,0.22491746290918407
0.6571951514397006,0.07557021817563701,0.012839635041214678,0.06282515064964292,0.19156984469380475
0.6444740250568004,0.08699134048854297,0.01265768235370166,0.06884993930920226,0.18702701279175277
0.6308970028082961,0.07169175299443847,0.020272162914690525,0.06453454826654154,0.21260453301603338
0.020233857085740416,0.01157673974301577,0.7902959364697827,0.11744567156103436,0.06044779514042677
0.02522319130649212,0.014271315398225003,0.783773172033872,0.11123653609965262,0.06549578516175833
0.02354491717561547,0.02116157638062587,0.7428278320576694,0.1389520004022112,0.07351367398387804
0.03778870025928258,0.0178529104050602,0.7437316102094611,0.12185443306176097,0.07877234606443519
0.028448063281229424,0.009776365782360645,0.7494439669516461,0.13107536432434502,0.08125623966041882
0.07074727489938734,0.08169795375049978,0.031997337744887965,0.23204474120821372,0.5835126923970112
0.1318833779037614,0.06568851136366356,0.13198033953329136,0.34114812145820717,0.32929964974107656
0.0298342554663615,0.01807436597867802,0.6598574065517332,0.142597039438245,0.14963693256498226
0.03371990299048818,0.03437469325410411,0.5883308474446421,0.11762642719139269,0.22594812911937293
0.06990574371963963,0.11326794209116309,0.047510001412527446,0.16068098187416055,0.6086353309025093
0.07076762487101709,0.11688066058402025,0.0247252155301407,0.16415603879422827,0.6234704602205937
0.06745656478114204,0.09459863870660369,0.016378135990481,0.1788822359112358,0.6426844246105374
0.0782827496881666,0.10785245552334141,0.03957949776270018,0.15850952019555126,0.6157757768302405
0.06538924707499084,0.08986068648833707,0.03357865024623466,0.19932318388473777,0.6118482323056996
0.07406312321788117,0.11215108776583647,0.028799998084708553,0.186232166841038,0.5987536240905358
0.05573498112240867,0.09102422604269664,0.023465911403405867,0.2014647191344798,0.628310162297009
0.12058914364925268,0.345881285447855,0.03331769178651204,0.11627854083521072,0.38393333828116954
0.113477427093234,0.46609215903622536,0.02080485334852798,0.11466490779068737,0.2849606527313253
